5 EasyPeasy
2* 5  1  4  1*
2  2* 5  3  3
3  2  4  1* 5
4  2* 2  5  3
1* 1  3  2  4
6 Ritchie
3  6* 2  6* 5  6
5  1  3  6  2* 2
5* 6  1  6* 4  3
6  2  6* 5  1  5*
1  1* 4  1* 3  5
3* 3  5  2  6  5*
8 P34466
5* 5  8  6* 6  7  6* 1
7  6  7* 5  1  6* 8  3
1  6* 3  2  4* 4  6  8
5  3  5* 8  4  1  2  1*
3* 4  2  7  6* 6  6* 5
3  2* 7  1  2  3* 5  6
6  1  5  1* 7  8  2* 4
8  1* 1  6  4* 5  4  7
9 Puzzle9
8  9  6* 5  2* 3  1  1  2
2  4* 9  3  7  8  6* 4  5
1  8  2* 9  6  6* 4  5  7
4  2  6  1  8* 5  4  8  7
5* 6  5  8* 9  4  2  1  5
6  7* 8  2  4  1  7  3  9
7  5  3* 1* 2  2* 8  9  1
5  7  3  4  8  6  1* 2  6*
9  4* 2  8  1  2* 6  3  4
0 END
