5 P15616-A
3  1* 4  1  1
5  2  4* 3  1
2  3* 3  5  4
1  5  1  2  2*
4  3  2  4  5
5 P30202-B
3  3  1  5  3
5  2  3  4  3
1  3  2  3  3
4  4  5  1  2
4  1  4  2  1
6 P12921-C
2* 6  1  6  3  6*
2  1  3  5  6  4
3  6  6  3  1  1
4  5  4  2  1  1
5  3  2  3  4  6
2* 4  5  1  2  2*
8 P15533-D
6* 7  8  4  6  7  5  3
2  3  6  6  5  8  4  3*
4  8  7  5  4  7  6  4
3  4  7  1  8  5* 6  2
6  5  4  5* 1  2  1  7
1  1  5  3  4  5  7  6
4  4* 1  2  7  3  8  1
5  2  3  1  4  7* 1  8
0 END
